# Plybond	D_int	Pared	Humedad	Resistencia
180	45.9	0.720000000000002	6.90	46
240	105.6	1.8	6.70	58
180	40.6	0.979999999999997	5.90	64
240	90.7	2.045	6.60	66
240	90.8	1.845	6.80	72
240	90.4	2.38	6.70	73
206.666666666667	75.7	2.25	6.60	78
225.714285714286	76.3	2.1	6.80	85
240	200.0	4	6.70	85
180	70.0	2.195	5.90	86
240	72.5	2.095	7.60	96
240	100.7	2.25	6.10	111
240	100.3	2.55	7.60	112
216.923076923077	77.0	1.875	7.70	119
240	100.1	2.6	7.00	121
240	72.3	2.35	6.90	124
229.655172413793	76.2	2.495	6.30	130
200.869565217391	56.8	2.3	8.50	132
193.333333333333	120.0	3.5	8.80	153
240	76.3	2.95	6.90	153
240	0.0	0	8.30	156
200.869565217391	56.6	2.25	7.10	162
200.869565217391	56.2	2.66	7.60	170
200.869565217391	56.0	2.65	8.00	177
240	75.8	3.15	6.40	177
200.869565217391	56.6	2.2	8.00	179
200.869565217391	56.5	2.3	7.20	179
229.655172413793	76.1	3.1	6.50	186
210.967741935484	70.1	3.05	6.40	188
200.869565217391	0.0	0	6.90	191
240	120.1	4.10000000000001	7.70	192
200.869565217391	56.7	2.34	7.80	193
200.869565217391	56.5	2.35	7.60	193
200.869565217391	56.3	2.41	7.70	194
229.655172413793	76.2	2.95	7.20	199
197.142857142857	85.3	3.1	0.00	202
200.869565217391	56.5	2.405	8.00	202
200.869565217391	56.6	2.14	7.60	205
600	93.9	3.05	8.00	211
200.869565217391	56.8	2.035	7.60	212
279.512195121951	94.1	3.82	8.90	220
200.869565217391	56.6	2.155	7.30	221
269.142857142857	90.3	3.45	8.50	224
279.512195121951	94.0	3.5	8.40	224
260	94.0	3.86499999999999	8.40	232
240	77.3	3.1	8.90	236
279.512195121951	94.2	3.87	8.00	247
240	202.2	6.10000000000001	9.30	248
240	200.0	6	6.40	264
279.512195121951	94.0	3.685	7.70	272
240	120.0	4.5	8.70	273
240	120.0	5.05	8.90	298
254.705882352941	94.0	3.6	7.70	300
210.967741935484	54.7	3	8.30	302
231.891891891892	54.7	3.55	8.20	302
222.352941176471	54.6	3.1	8.20	305
231.891891891892	70.3	3.95	7.50	307
231.891891891892	70.5	3.95	8.00	309
240	120.3	5.1	9.80	313
279.512195121951	94.0	3.5	7.30	319
240	200.3	6.94999999999999	9.20	323
240	110.1	4.65000000000001	7.50	327
180	50.4	3	7.90	330
180	50.0	3.25	8.00	330
229.655172413793	38.3	3.05	7.90	330
229.655172413793	38.3	2.85	7.10	348
240	202.6	6.2	6.10	348
240	76.3	4.46	9.10	356
240	76.3	4.445	8.90	370
180	40.0	3.2	7.30	377
240	76.0	4.55	7.10	380
240	76.2	4.365	9.00	385
240	76.0	4.55	7.60	393
229.655172413793	38.0	3.25	6.80	398
240	72.2	4.84500000000001	7.20	405
240	76.3	4.27	8.90	410
240	75.8	4.6	8.10	426
233.333333333333	76.4	4.8	6.60	430
240	72.2	5.15	8.10	456
240	70.5	4.9	7.10	460
240	119.7	5.4	8.60	478
240	72.0	5.15	7.50	480
240	70.5	4.95	7.50	485
240	200.1	7.2	7.00	492
240	70.0	5	8.60	496
225.714285714286	38.4	3.965	8.60	503
240	76.0	4.9	8.70	508
240	72.4	4.84999999999999	8.20	509
225.714285714286	38.5	4.01	8.90	523
240	70.3	4.7	7.80	530
600	75.5	-37.75	8.00	547
225.714285714286	40.4	4.3	8.10	558
240	120.1	6.395	5.40	560
240	72.2	5	5.70	579
225.714285714286	40.4	4.035	6.40	588
600	75.8	4.78	8.80	598
225.714285714286	40.0	4.25	7.70	606
180	40.3	4.06	5.80	618
225.714285714286	40.1	4.27	6.70	619
225.714285714286	38.2	4.105	6.30	620
458.181818181818	75.4	5	9.60	624
240	70.1	6.03	9.50	627
600	107.2	6	7.50	640
233.333333333333	38.4	4.5	8.10	642
462.745098039216	75.0	5	8.00	661
487.272727272727	75.5	4.75	7.90	669
240	76.2	6.2	8.20	671
487.272727272727	75.6	4.7	7.90	675
600	75.6	4.65000000000001	8.50	675
276	100.7	7.79	11.70	680
480	94.2	6.55	10.40	680
400	75.5	6.71	10.40	690
240	70.8	5.7	8.90	697
180	50.3	5.145	7.00	698
234.339622641509	40.0	5	8.30	719
234.339622641509	50.4	5.215	6.00	733
600	75.4	4.895	7.50	749
600	75.5	4.89	7.40	757
240	120.0	10.2	10.20	758
400	94.0	6	7.50	774
371.428571428571	70.0	6.3	8.90	779
240	70.6	5.95	6.80	780
480	93.9	6.685	8.50	780
234.339622641509	40.3	5.1	7.00	791
240	0.0	0	8.20	791
240	70.0	6.5	6.30	792
400	75.4	6.09999999999999	8.70	795
240	76.3	7.85	6.40	804
228	38.4	4.9	6.50	814
240	150.0	10.15	9.00	819
419.009900990099	152.1	10.15	10.50	840
371.428571428571	70.5	5.82	8.60	844
419.009900990099	152.3	9.89999999999999	10.20	848
371.428571428571	70.3	5.95	7.50	852
240	76.3	7.9	7.70	857
419.009900990099	152.0	10	9.70	859
240	76.0	8.205	9.20	862
381.25	70.5	5.95	6.80	866
240	76.0	8.1	10.30	873
371.428571428571	70.7	5.9	6.40	879
240	76.0	8	7.00	881
487.272727272727	75.7	5.9	7.00	883
480	94.0	6.55	8.20	885
240	76.2	7.85	9.50	886
480	93.9	6.65	7.00	899
480	94.0	6.75	7.20	899
240	76.2	7.9	8.10	901
233.333333333333	38.4	4.56	8.00	906
419.009900990099	152.0	10	9.40	913
400	75.4	6.95	8.90	917
240	120.5	9.84999999999999	8.00	930
480	93.8	6.725	8.30	947
240	76.2	8.14	8.40	956
480	94.1	6.675	8.70	973
240	76.3	7.55	8.10	977
240	76.2	8.25	8.30	993
240	119.9	10.275	10.20	1020
240	77.7	8.9	8.20	1040
240	76.1	8.25	8.00	1046
288.695652173913	100.2	9.1	6.70	1056
236.470588235294	70.6	8.45	5.70	1061
235.890410958904	38.2	9.6	7.50	1070
240	152.4	13.555	10.60	1100
480	93.8	6.7	7.90	1100
240	70.2	8.4	6.90	1105
600	94.0	6.15	7.60	1110
240	80.0	10.25	8.00	1114
240	77.8	8.55	7.80	1128
400	75.1	6.95	7.20	1147
394.954954954955	152.1	9.95	8.00	1149
240	76.3	9.815	10.90	1180
235.890410958904	38.5	6.75	7.50	1182
235.890410958904	38.0	7	7.30	1182
235.652173913043	50.1	7.5	7.80	1186
574.285714285714	152.5	9.65000000000001	7.50	1186
347.407407407407	76.5	9.75	10.30	1196
252.631578947368	76.3	10.125	8.20	1235
394.954954954955	152.4	9.84999999999999	8.00	1242
240	76.3	11.9	10.30	1258
236.103896103896	38.1	7.225	5.90	1263
237.6	70.4	11.85	12.20	1278
240	76.3	10.05	8.20	1301
240	150.5	14.51	10.80	1307
536.470588235294	202.8	11.85	8.00	1316
240	77.0	10.5	8.60	1347
240	77.5	10	8.70	1353
240	76.0	10.2	7.00	1354
240	77.4	10.05	7.80	1357
253.793103448276	76.1	10	8.30	1357
240	76.3	10.035	8.50	1358
252.631578947368	76.3	10	8.50	1362
240	77.3	12.085	11.60	1364
240	76.0	10.4	8.10	1369
240	77.0	11.9	8.20	1370
253.793103448276	75.9	10.55	6.60	1377
257.821782178218	76.6	9.77	8.90	1378
240	76.0	12.1	11.00	1379
240	77.1	11.7	10.10	1380
240	76.4	10	9.10	1401
240	120.3	10.45	7.70	1422
240	76.2	10	8.60	1423
240	76.2	10.4	5.80	1425
240	120.0	10.55	7.10	1444
240	76.3	11.85	8.90	1453
240	76.2	11.9	8.90	1460
252.631578947368	76.0	10.5	6.20	1460
240	76.4	9.9	6.00	1462
240	77.4	10.235	5.60	1510
404.271844660194	76.0	10	9.80	1575
256.51376146789	70.5	10.05	7.70	1612
240	70.1	10.45	7.00	1616
240	100.2	12.1	8.00	1640
240	75.9	15.15	9.20	1677
347.407407407407	75.8	9.95	7.90	1698
347.407407407407	76.1	10.1	8.80	1705
240	70.5	12.25	8.50	1728
240	76.3	14.95	9.80	1730
240	76.3	12.05	8.40	1773
240	77.1	11.65	7.40	1800
240	77.2	11.9	8.50	1827
240	77.1	12	5.60	1840
240	76.1	12.65	8.60	1872
240	76.3	12.5	7.10	1873
240	76.5	14.785	9.60	1875
237.6	70.1	12	6.00	1889
347.407407407407	76.2	9.95	8.90	1907
404.271844660194	76.2	9.75	7.50	1914
237.6	70.1	12.1	7.90	1927
347.407407407407	76.1	10.05	8.00	1943
240	76.1	11.75	7.80	1952
347.407407407407	76.0	9.9	7.90	1952
237.6	70.6	11.7	6.40	1964
240	76.4	14.7	9.20	1986
240	76.3	14.675	10.20	2014
240	76.1	14.95	10.20	2019
240	76.4	14.8	8.60	2040
347.407407407407	76.0	10.15	8.10	2042
240	76.6	14.335	10.20	2050
240	75.9	15.2	9.70	2303
240	76.0	16.55	8.00	2362
240	76.4	16.6	8.60	2377
240	76.3	16.05	8.10	2434
240	76.0	16.05	8.50	2440
240	76.0	16.7	8.60	2495
240	76.0	16.75	7.30	2521
240	76.3	15.1	8.90	2672
240	76.2	15.9	7.30	2695
240	76.3	15.85	7.80	2707
240	76.2	16.55	7.00	2766
240	76.1	15.95	7.70	2784
240	76.5	15.75	7.70	2792
240	76.3	15.95	7.60	2854
